기간	자치구	세대	인구	인구	인구	인구	인구	인구	인구	인구	인구	인구밀도	인구밀도	세대당인구	65세이상고령자
기간	자치구	세대	합계	합계	합계	한국인	한국인	한국인	등록외국인	등록외국인	등록외국인	인구밀도	인구밀도	세대당인구	65세이상고령자
기간	자치구	세대	계	남자	여자	계	남자	여자	계	남자	여자	인구밀도(명/㎢)	면적(㎢)	세대당인구	65세이상고령자
2013	합계	4,182,351	10,388,055	5,126,351	5,261,704	10,143,645	5,007,869	5,135,776	244,410	118,482	125,928	17,165	605.2	2.43	1,167,177
2013	종로구	73,693	167,867	83,211	84,656	160,070	79,519	80,551	7,797	3,692	4,105	7,022	23.91	2.17	23,997
2013	중구	60,600	137,990	69,128	68,862	130,465	65,371	65,094	7,525	3,757	3,768	13,854	9.96	2.15	19,346
2013	용산구	109,361	251,925	122,974	128,951	239,740	116,491	123,249	12,185	6,483	5,702	11,520	21.87	2.19	34,017
2013	성동구	126,447	306,571	152,809	153,762	299,337	149,304	150,033	7,234	3,505	3,729	18,190	16.85	2.37	35,421
2013	광진구	159,173	381,439	187,584	193,855	368,927	181,864	187,063	12,512	5,720	6,792	22,356	17.06	2.32	37,623
2013	동대문구	159,256	376,445	188,167	188,278	364,273	182,987	181,286	12,172	5,180	6,992	26,490	14.21	2.29	49,097
2013	중랑구	174,938	421,237	210,390	210,847	416,798	208,641	208,157	4,439	1,749	2,690	22,773	18.5	2.38	48,998
2013	성북구	196,693	485,347	238,228	247,119	476,589	234,573	242,016	8,758	3,655	5,103	19,747	24.58	2.42	60,499
2013	강북구	141,246	341,921	168,546	173,375	338,707	167,342	171,365	3,214	1,204	2,010	14,490	23.6	2.4	48,547
2013	도봉구	137,714	360,609	177,925	182,684	358,582	177,153	181,429	2,027	772	1,255	17,418	20.7	2.6	44,469
2013	노원구	222,132	594,027	289,967	304,060	590,479	288,435	302,044	3,548	1,532	2,016	16,763	35.44	2.66	63,810
2013	은평구	202,487	508,111	248,722	259,389	503,660	246,858	256,802	4,451	1,864	2,587	17,107	29.7	2.49	64,328
2013	서대문구	135,272	324,067	157,314	166,753	314,110	153,315	160,795	9,957	3,999	5,958	18,405	17.61	2.32	43,850
2013	마포구	166,780	391,098	188,874	202,224	381,856	184,774	197,082	9,242	4,100	5,142	16,407	23.84	2.29	45,758
2013	양천구	180,443	496,934	246,723	250,211	492,528	244,742	247,786	4,406	1,981	2,425	28,554	17.4	2.73	46,026
2013	강서구	226,607	575,236	282,287	292,949	569,070	279,207	289,863	6,166	3,080	3,086	13,885	41.43	2.51	59,530
2013	구로구	171,419	452,168	227,694	224,474	424,964	213,251	211,713	27,204	14,443	12,761	22,475	20.12	2.48	48,027
2013	금천구	104,179	258,254	132,742	125,512	241,020	123,462	117,558	17,234	9,280	7,954	19,840	13.02	2.31	28,310
2013	영등포구	167,761	421,577	212,417	209,160	386,471	193,880	192,591	35,106	18,537	16,569	17,187	24.53	2.3	48,065
2013	동작구	172,700	421,487	207,223	214,264	410,815	202,144	208,671	10,672	5,079	5,593	25,773	16.35	2.38	50,062
2013	관악구	248,006	535,128	270,512	264,616	518,028	262,248	255,780	17,100	8,264	8,836	18,097	29.57	2.09	59,705
2013	서초구	170,594	446,541	215,771	230,770	441,763	213,285	228,478	4,778	2,486	2,292	9,501	47	2.59	44,674
2013	강남구	230,645	569,152	273,583	295,569	563,599	270,601	292,998	5,553	2,982	2,571	14,409	39.5	2.44	53,461
2013	송파구	257,441	674,955	330,030	344,925	668,415	326,919	341,496	6,540	3,111	3,429	19,925	33.87	2.6	61,745
2013	강동구	186,764	487,969	243,530	244,439	483,379	241,503	241,876	4,590	2,027	2,563	19,846	24.59	2.59	47,812
2014	합계	4,194,176	10,369,593	5,109,013	5,260,580	10,103,233	4,979,768	5,123,465	266,360	129,245	137,115	17,134	605.2	2.41	1,221,616
2014	종로구	73,101	165,344	81,439	83,905	156,993	77,621	79,372	8,351	3,818	4,533	6,915	23.91	2.15	24,537
2014	중구	59,960	136,227	67,952	68,275	128,065	64,033	64,032	8,162	3,919	4,243	13,677	9.96	2.14	19,960
2014	용산구	108,429	249,914	122,047	127,867	235,951	114,578	121,373	13,963	7,469	6,494	11,427	21.87	2.18	34,896
2014	성동구	125,814	303,891	151,149	152,742	296,086	147,363	148,723	7,805	3,786	4,019	18,035	16.85	2.35	36,684
2014	광진구	158,524	377,375	185,011	192,364	363,354	178,738	184,616	14,021	6,273	7,748	22,120	17.06	2.29	38,974
2014	동대문구	159,880	376,319	187,638	188,681	363,687	182,510	181,177	12,632	5,128	7,504	26,483	14.21	2.27	50,915
2014	중랑구	176,714	423,411	211,178	212,233	418,836	209,323	209,513	4,575	1,855	2,720	22,887	18.5	2.37	51,995
2014	성북구	193,359	475,961	233,009	242,952	466,706	229,205	237,501	9,255	3,804	5,451	19,364	24.58	2.41	62,066
2014	강북구	141,246	338,410	166,553	171,857	335,025	165,223	169,802	3,385	1,330	2,055	14,339	23.6	2.37	50,841
2014	도봉구	136,977	355,712	175,306	180,406	353,709	174,554	179,155	2,003	752	1,251	17,184	20.7	2.58	46,471
2014	노원구	221,107	586,056	285,697	300,359	582,552	284,225	298,327	3,504	1,472	2,032	16,537	35.44	2.63	66,480
2014	은평구	202,187	503,243	245,946	257,297	498,644	243,977	254,667	4,599	1,969	2,630	16,944	29.7	2.47	67,002
2014	서대문구	134,780	320,861	155,477	165,384	310,376	151,338	159,038	10,485	4,139	6,346	18,220	17.61	2.3	45,309
2014	마포구	169,492	395,830	190,717	205,113	385,439	186,177	199,262	10,391	4,540	5,851	16,604	23.84	2.27	47,360
2014	양천구	179,069	490,708	243,091	247,617	486,221	241,020	245,201	4,487	2,071	2,416	28,202	17.4	2.72	48,175
2014	강서구	234,378	591,653	289,841	301,812	585,160	286,644	298,516	6,493	3,197	3,296	14,281	41.43	2.5	64,287
2014	구로구	172,594	457,131	230,091	227,040	425,831	213,213	212,618	31,300	16,878	14,422	22,720	20.12	2.47	51,187
2014	금천구	103,940	258,030	132,476	125,554	238,463	121,878	116,585	19,567	10,598	8,969	19,818	13.02	2.29	29,553
2014	영등포구	168,100	421,436	212,261	209,175	382,352	191,464	190,888	39,084	20,797	18,287	17,180	24.53	2.27	49,829
2014	동작구	172,389	419,261	205,962	213,299	407,470	200,328	207,142	11,791	5,634	6,157	25,643	16.35	2.36	52,327
2014	관악구	248,180	531,960	268,683	263,277	513,186	259,631	253,555	18,774	9,052	9,722	17,990	29.57	2.07	62,577
2014	서초구	173,469	454,288	219,109	235,179	449,678	216,740	232,938	4,610	2,369	2,241	9,666	47	2.59	47,469
2014	강남구	237,375	583,446	280,082	303,364	578,114	277,267	300,847	5,332	2,815	2,517	14,771	39.5	2.44	57,444
2014	송파구	257,207	671,794	328,308	343,486	664,738	324,902	339,836	7,056	3,406	3,650	19,834	33.87	2.58	65,025
2014	강동구	185,905	481,332	239,990	241,342	476,597	237,816	238,781	4,735	2,174	2,561	19,574	24.59	2.56	50,253
2015	합계	4,189,948	10,297,138	5,063,550	5,233,588	10,022,181	4,930,943	5,091,238	274,957	132,607	142,350	-	-	2.39	1,267,563
2015	종로구	72,645	163,822	80,531	83,291	154,986	76,548	78,438	8,836	3,983	4,853	-	-	2.13	24,892
2015	중구	59,321	134,329	66,755	67,574	125,733	62,687	63,046	8,596	4,068	4,528	-	-	2.12	20,302
2015	용산구	107,512	247,909	121,027	126,882	233,342	113,177	120,165	14,567	7,850	6,717	-	-	2.17	35,715
2015	성동구	126,714	305,065	151,459	153,606	297,003	147,570	149,433	8,062	3,889	4,173	-	-	2.34	38,164
2015	광진구	158,353	375,180	183,436	191,744	360,369	176,884	183,485	14,811	6,552	8,259	-	-	2.28	40,368
2015	동대문구	159,941	373,824	185,827	187,997	360,153	180,485	179,668	13,671	5,342	8,329	-	-	2.25	52,490
2015	중랑구	176,390	418,620	208,393	210,227	413,909	206,505	207,404	4,711	1,888	2,823	-	-	2.35	54,095
2015	성북구	190,973	469,560	229,183	240,377	459,275	224,980	234,295	10,285	4,203	6,082	-	-	2.4	63,281
2015	강북구	141,088	334,426	164,337	170,089	330,873	162,967	167,906	3,553	1,370	2,183	-	-	2.35	52,598
2015	도봉구	136,903	353,241	173,804	179,437	351,242	173,029	178,213	1,999	775	1,224	-	-	2.57	48,590
2015	노원구	219,768	578,221	281,538	296,683	574,583	279,987	294,596	3,638	1,551	2,087	-	-	2.61	68,909
2015	은평구	203,410	502,578	244,964	257,614	497,920	242,975	254,945	4,658	1,989	2,669	-	-	2.45	69,753
2015	서대문구	135,770	323,105	156,130	166,975	312,141	152,008	160,133	10,964	4,122	6,842	-	-	2.3	46,758
2015	마포구	171,480	398,351	190,957	207,394	387,643	186,495	201,148	10,708	4,462	6,246	-	-	2.26	48,598
2015	양천구	179,512	489,010	242,074	246,936	484,532	239,995	244,537	4,478	2,079	2,399	-	-	2.7	50,398
2015	강서구	238,952	595,691	291,216	304,475	589,074	287,947	301,127	6,617	3,269	3,348	-	-	2.47	67,950
2015	구로구	172,321	454,604	228,201	226,403	422,092	210,440	211,652	32,512	17,761	14,751	-	-	2.45	53,719
2015	금천구	103,847	256,167	131,346	124,821	236,284	120,604	115,680	19,883	10,742	9,141	-	-	2.28	31,070
2015	영등포구	167,863	417,811	210,388	207,423	378,504	189,394	189,110	39,307	20,994	18,313	-	-	2.25	51,481
2015	동작구	170,495	412,774	202,165	210,609	400,641	196,463	204,178	12,133	5,702	6,431	-	-	2.35	53,610
2015	관악구	249,191	529,031	266,773	262,258	509,663	257,491	252,172	19,368	9,282	10,086	-	-	2.05	64,985
2015	서초구	173,007	451,258	217,036	234,222	446,764	214,737	232,027	4,494	2,299	2,195	-	-	2.58	49,280
2015	강남구	237,373	581,760	279,209	302,551	576,495	276,425	300,070	5,265	2,784	2,481	-	-	2.43	60,330
2015	송파구	256,611	667,480	325,950	341,530	660,302	322,441	337,861	7,178	3,509	3,669	-	-	2.57	68,292
2015	강동구	180,508	463,321	230,851	232,470	458,658	228,709	229,949	4,663	2,142	2,521	-	-	2.54	51,935
2016	합계	4,189,839	10,204,057	5,007,379	5,196,678	9,930,616	4,876,789	5,053,827	273,441	130,590	142,851	-	-	2.37	1,300,877
2016	종로구	72,118	161,922	79,322	82,600	152,737	75,201	77,536	9,185	4,121	5,064	-	-	2.12	25,091
2016	중구	59,651	134,409	66,452	67,957	125,249	62,204	63,045	9,160	4,248	4,912	-	-	2.1	20,606
2016	용산구	106,607	245,102	119,636	125,466	230,241	111,601	118,640	14,861	8,035	6,826	-	-	2.16	35,915
2016	성동구	128,727	307,161	152,006	155,155	299,259	148,326	150,933	7,902	3,680	4,222	-	-	2.32	39,262
2016	광진구	158,390	372,104	181,251	190,853	357,215	174,797	182,418	14,889	6,454	8,435	-	-	2.26	41,441
2016	동대문구	159,426	370,312	183,444	186,868	355,069	177,640	177,429	15,243	5,804	9,439	-	-	2.23	53,460
2016	중랑구	177,400	415,677	206,772	208,905	411,005	204,900	206,105	4,672	1,872	2,800	-	-	2.32	55,914
2016	성북구	188,304	461,617	224,504	237,113	450,355	219,951	230,404	11,262	4,553	6,709	-	-	2.39	64,015
2016	강북구	141,229	330,704	162,211	168,493	327,195	160,861	166,334	3,509	1,350	2,159	-	-	2.32	54,053
2016	도봉구	136,898	350,272	172,006	178,266	348,220	171,238	176,982	2,052	768	1,284	-	-	2.54	50,510
2016	노원구	219,736	571,212	277,866	293,346	567,581	276,333	291,248	3,631	1,533	2,098	-	-	2.58	70,887
2016	은평구	201,891	495,937	241,048	254,889	491,476	239,183	252,293	4,461	1,865	2,596	-	-	2.43	71,457
2016	서대문구	136,766	325,871	156,597	169,274	314,194	152,510	161,684	11,677	4,087	7,590	-	-	2.3	47,653
2016	마포구	169,432	390,887	186,668	204,219	379,892	182,162	197,730	10,995	4,506	6,489	-	-	2.24	48,303
2016	양천구	177,434	481,845	238,163	243,682	477,739	236,290	241,449	4,106	1,873	2,233	-	-	2.69	52,063
2016	강서구	245,045	602,104	293,734	308,370	595,485	290,478	305,007	6,619	3,256	3,363	-	-	2.43	71,062
2016	구로구	172,220	449,600	225,411	224,189	417,551	207,667	209,884	32,049	17,744	14,305	-	-	2.42	55,705
2016	금천구	104,483	254,654	130,429	124,225	235,386	119,885	115,501	19,268	10,544	8,724	-	-	2.25	32,279
2016	영등포구	165,729	406,779	204,712	202,067	370,613	185,200	185,413	36,166	19,512	16,654	-	-	2.24	51,844
2016	동작구	172,506	413,247	201,842	211,405	400,997	196,267	204,730	12,250	5,575	6,675	-	-	2.32	55,231
2016	관악구	251,955	525,607	265,034	260,573	506,851	256,143	250,708	18,756	8,891	9,865	-	-	2.01	66,952
2016	서초구	173,970	451,477	216,886	234,591	447,192	214,673	232,519	4,285	2,213	2,072	-	-	2.57	50,984
2016	강남구	234,080	572,140	274,217	297,923	567,115	271,604	295,511	5,025	2,613	2,412	-	-	2.42	61,931
2016	송파구	258,382	664,946	324,087	340,859	657,831	320,557	337,274	7,115	3,530	3,585	-	-	2.55	71,064
2016	강동구	177,460	448,471	223,081	225,390	444,168	221,118	223,050	4,303	1,963	2,340	-	-	2.5	53,195
2017	합계	4,220,082	10,124,579	4,957,857	5,166,722	9,857,426	4,830,206	5,027,220	267,153	127,651	139,502	-	-	2.34	1,365,126
2017	종로구	73,594	164,257	80,094	84,163	154,770	75,967	78,803	9,487	4,127	5,360	-	-	2.1	26,182
2017	중구	60,412	134,593	66,337	68,256	125,709	62,253	63,456	8,884	4,084	4,800	-	-	2.08	21,384
2017	용산구	107,666	244,444	119,423	125,021	229,161	110,878	118,283	15,283	8,545	6,738	-	-	2.13	36,882
2017	성동구	132,902	312,711	154,077	158,634	304,808	150,368	154,440	7,903	3,709	4,194	-	-	2.29	41,273
2017	광진구	160,798	372,298	180,645	191,653	357,703	174,414	183,289	14,595	6,231	8,364	-	-	2.22	43,953
2017	동대문구	159,938	366,011	181,185	184,826	350,647	175,324	175,323	15,364	5,861	9,503	-	-	2.19	55,718
2017	중랑구	179,132	412,780	205,125	207,655	408,226	203,325	204,901	4,554	1,800	2,754	-	-	2.28	59,262
2017	성북구	187,112	455,407	221,103	234,304	444,055	216,556	227,499	11,352	4,547	6,805	-	-	2.37	66,251
2017	강북구	142,533	328,002	160,252	167,750	324,479	158,918	165,561	3,523	1,334	2,189	-	-	2.28	56,530
2017	도봉구	137,378	346,234	169,553	176,681	344,166	168,759	175,407	2,068	794	1,274	-	-	2.51	53,488
2017	노원구	217,619	558,075	271,025	287,050	554,403	269,508	284,895	3,672	1,517	2,155	-	-	2.55	74,243
2017	은평구	202,839	491,202	238,223	252,979	486,794	236,353	250,441	4,408	1,870	2,538	-	-	2.4	74,559
2017	서대문구	137,266	325,028	155,250	169,778	312,800	151,144	161,656	12,228	4,106	8,122	-	-	2.28	49,266
2017	마포구	169,408	385,783	183,248	202,535	374,915	178,939	195,976	10,868	4,309	6,559	-	-	2.21	49,615
2017	양천구	176,649	475,018	234,279	240,739	471,154	232,518	238,636	3,864	1,761	2,103	-	-	2.67	55,234
2017	강서구	254,257	608,255	296,175	312,080	601,691	292,989	308,702	6,564	3,186	3,378	-	-	2.37	76,032
2017	구로구	171,570	441,559	221,386	220,173	410,742	204,003	206,739	30,817	17,383	13,434	-	-	2.39	58,794
2017	금천구	106,066	253,491	129,775	123,716	235,154	119,497	115,657	18,337	10,278	8,059	-	-	2.22	34,170
2017	영등포구	167,355	402,024	202,400	199,624	368,550	183,975	184,575	33,474	18,425	15,049	-	-	2.2	53,981
2017	동작구	172,995	408,493	198,827	209,666	396,217	193,255	202,962	12,276	5,572	6,704	-	-	2.29	57,255
2017	관악구	255,352	520,929	262,006	258,923	503,297	253,661	249,636	17,632	8,345	9,287	-	-	1.97	70,046
2017	서초구	173,594	445,401	213,422	231,979	441,102	211,236	229,866	4,299	2,186	2,113	-	-	2.54	53,205
2017	강남구	231,612	561,052	268,941	292,111	556,164	266,442	289,722	4,888	2,499	2,389	-	-	2.4	65,060
2017	송파구	264,628	671,173	326,407	344,766	664,496	323,147	341,349	6,677	3,260	3,417	-	-	2.51	76,582
2017	강동구	177,407	440,359	218,699	221,660	436,223	216,777	219,446	4,136	1,922	2,214	-	-	2.46	56,161
2018	합계	4,263,868	10,049,607	4,910,849	5,138,758	9,765,623	4,773,899	4,991,724	283,984	136,950	147,034	-	-	2.29	1,416,131
2018	종로구	73,735	163,026	79,156	83,870	153,065	74,825	78,240	9,961	4,331	5,630	-	-	2.08	26,742
2018	중구	61,502	135,633	66,674	68,959	125,725	61,947	63,778	9,908	4,727	5,181	-	-	2.04	22,005
2018	용산구	108,974	245,090	119,766	125,324	228,999	110,640	118,359	16,091	9,126	6,965	-	-	2.1	37,640
2018	성동구	137,209	316,463	155,091	161,372	308,221	151,359	156,862	8,242	3,732	4,510	-	-	2.25	42,767
2018	광진구	162,606	371,063	179,527	191,536	355,559	172,794	182,765	15,504	6,733	8,771	-	-	2.19	45,619
2018	동대문구	161,820	364,338	179,774	184,564	348,052	173,567	174,485	16,286	6,207	10,079	-	-	2.15	57,165
2018	중랑구	180,511	408,147	202,448	205,699	403,209	200,419	202,790	4,938	2,029	2,909	-	-	2.23	61,830
2018	성북구	186,601	447,687	216,495	231,192	435,868	211,904	223,964	11,819	4,591	7,228	-	-	2.34	67,782
2018	강북구	143,395	322,915	157,522	165,393	319,164	156,071	163,093	3,751	1,451	2,300	-	-	2.23	58,196
2018	도봉구	138,087	341,649	167,043	174,606	339,413	166,160	173,253	2,236	883	1,353	-	-	2.46	55,964
2018	노원구	217,655	548,160	265,870	282,290	543,752	263,919	279,833	4,408	1,951	2,457	-	-	2.5	77,096
2018	은평구	205,001	487,666	235,600	252,066	483,197	233,702	249,495	4,469	1,898	2,571	-	-	2.36	77,420
2018	서대문구	138,549	323,080	153,816	169,264	310,313	149,569	160,744	12,767	4,247	8,520	-	-	2.24	50,456
2018	마포구	172,505	386,359	182,573	203,786	375,077	178,240	196,837	11,282	4,333	6,949	-	-	2.17	50,833
2018	양천구	176,498	468,145	230,457	237,688	464,185	228,634	235,551	3,960	1,823	2,137	-	-	2.63	58,045
2018	강서구	258,503	603,611	293,289	310,322	596,949	290,079	306,870	6,662	3,210	3,452	-	-	2.31	79,660
2018	구로구	172,457	438,486	219,949	218,537	404,497	200,417	204,080	33,989	19,532	14,457	-	-	2.35	61,801
2018	금천구	107,971	254,021	130,398	123,623	233,917	118,915	115,002	20,104	11,483	8,621	-	-	2.17	35,739
2018	영등포구	171,085	403,600	203,319	200,281	367,778	183,224	184,554	35,822	20,095	15,727	-	-	2.15	55,673
2018	동작구	177,176	409,385	198,458	210,927	396,203	192,533	203,670	13,182	5,925	7,257	-	-	2.24	59,479
2018	관악구	262,222	520,040	260,742	259,298	501,957	252,160	249,797	18,083	8,582	9,501	-	-	1.91	72,249
2018	서초구	172,918	438,163	209,977	228,186	433,951	207,868	226,083	4,212	2,109	2,103	-	-	2.51	54,751
2018	강남구	228,775	547,453	262,203	285,250	542,364	259,611	282,753	5,089	2,592	2,497	-	-	2.37	67,085
2018	송파구	270,866	673,507	326,849	346,658	666,635	323,526	343,109	6,872	3,323	3,549	-	-	2.46	81,364
2018	강동구	177,247	431,920	213,853	218,067	427,573	211,816	215,757	4,347	2,037	2,310	-	-	2.41	58,770
2019	합계	4,327,605	10,010,983	4,877,725	5,133,258	9,729,107	4,744,059	4,985,048	281,876	133,666	148,210	-	-	2.25	1,485,272
2019	종로구	73,947	161,869	78,215	83,654	151,290	73,746	77,544	10,579	4,469	6,110	-	-	2.05	27,519
2019	중구	62,739	136,488	66,823	69,665	126,171	61,910	64,261	10,317	4,913	5,404	-	-	2.01	23,275
2019	용산구	110,126	245,185	119,599	125,586	228,670	110,356	118,314	16,515	9,243	7,272	-	-	2.08	38,791
2019	성동구	135,838	308,979	150,861	158,118	300,889	147,273	153,616	8,090	3,588	4,502	-	-	2.22	43,947
2019	광진구	164,428	366,972	176,917	190,055	351,350	170,262	181,088	15,622	6,655	8,967	-	-	2.14	47,902
2019	동대문구	164,191	363,023	178,490	184,533	346,194	172,113	174,081	16,829	6,377	10,452	-	-	2.11	59,350
2019	중랑구	181,579	402,024	199,006	203,018	397,015	196,959	200,056	5,009	2,047	2,962	-	-	2.19	65,164
2019	성북구	192,592	454,744	219,099	235,645	442,650	214,437	228,213	12,094	4,662	7,432	-	-	2.3	70,850
2019	강북구	144,277	317,695	154,638	163,057	313,954	153,235	160,719	3,741	1,403	2,338	-	-	2.18	60,577
2019	도봉구	138,508	335,631	163,961	171,670	333,362	163,051	170,311	2,269	910	1,359	-	-	2.41	58,714
2019	노원구	216,966	537,303	259,810	277,493	532,905	257,923	274,982	4,398	1,887	2,511	-	-	2.46	80,923
2019	은평구	207,681	484,546	233,360	251,186	480,032	231,528	248,504	4,514	1,832	2,682	-	-	2.31	80,738
2019	서대문구	140,157	323,171	153,215	169,956	309,397	148,663	160,734	13,774	4,552	9,222	-	-	2.21	52,074
2019	마포구	175,023	385,925	181,303	204,622	374,035	176,891	197,144	11,890	4,412	7,478	-	-	2.14	52,429
2019	양천구	177,256	462,285	227,019	235,266	458,165	225,186	232,979	4,120	1,833	2,287	-	-	2.58	61,264
2019	강서구	262,708	598,273	289,691	308,582	591,796	286,563	305,233	6,477	3,128	3,349	-	-	2.25	84,077
2019	구로구	176,568	439,371	219,602	219,769	406,664	200,987	205,677	32,707	18,615	14,092	-	-	2.3	65,779
2019	금천구	110,622	251,820	128,954	122,866	232,810	118,209	114,601	19,010	10,745	8,265	-	-	2.1	37,660
2019	영등포구	174,806	400,986	200,986	200,000	367,678	182,438	185,240	33,308	18,548	14,760	-	-	2.1	57,872
2019	동작구	180,753	408,912	197,706	211,206	395,963	191,976	203,987	12,949	5,730	7,219	-	-	2.19	62,226
2019	관악구	268,559	517,334	259,194	258,140	500,094	251,009	249,085	17,240	8,185	9,055	-	-	1.86	75,194
2019	서초구	173,199	435,107	208,181	226,926	430,826	206,039	224,787	4,281	2,142	2,139	-	-	2.49	57,136
2019	강남구	232,981	550,209	263,345	286,864	545,169	260,806	284,363	5,040	2,539	2,501	-	-	2.34	71,025
2019	송파구	278,711	682,741	330,412	352,329	675,961	327,164	348,797	6,780	3,248	3,532	-	-	2.43	87,334
2019	강동구	183,390	440,390	217,338	223,052	436,067	215,335	220,732	4,323	2,003	2,320	-	-	2.38	63,452